0.00
0.00
0.00
0.01
0.00
0.00
0.00
0.05
0.05
0.00
0.00
0.00
0.00
0.00
0.03
0.00
0.00
0.00
0.00
0.14
0.00
0.00
0.00
0.00
0.00
0.00
0.04
0.00
0.00
0.00
0.00
0.06
0.02
0.00
0.00
0.00
0.02
0.00
0.00
0.00
0.07
0.00
0.00
0.00
0.00
0.03
0.00
0.00
0.00
0.00
0.00
0.00
0.00
0.00
0.00
0.07
0.00
0.00
0.00
0.02
0.05
0.00
0.00
0.00
0.00
0.01
0.00
0.00
0.00
0.00
0.00
0.00
0.00
0.00
0.07
0.00
0.00
0.04
0.00
0.00
0.00
0.00
0.00
0.03
0.00
0.27
0.16
0.06
0.02
0.00
0.00
0.00
0.00
0.00
0.00
0.00
0.00
0.00
0.00
0.00
0.00
0.00
0.00
0.00
0.00
0.00
0.00
0.00
0.00
0.00
0.01
0.00
0.05
0.00
0.00
0.08
0.00
0.00
0.00
0.01
0.00
0.05
0.09
0.01
0.00
0.12
0.03
0.02
0.13
0.00
0.00
0.00
0.02
0.06
0.06
0.00
0.00
0.00
0.05
0.09
0.06
0.02
0.01
0.02
0.00
0.02
0.13
0.00
0.00
0.00
0.05
0.00
0.00
0.00
0.00
0.00
0.00
0.01
0.00
0.00
0.04
0.00
0.00
0.00
0.00
0.00
0.00
0.00
0.00
0.00
0.00
0.00
0.00
0.00
0.00
0.00
0.00
0.00
0.00
0.00
0.00
0.00
0.02
0.00
0.00
0.00
0.03
0.00
0.00
0.00
0.00
0.00
0.01
0.01
0.00
0.03
0.00
0.00
0.11
0.00
0.00
0.00
0.00
0.02
0.00
0.00
0.02
0.00
0.00
0.00
0.00
0.00
0.00
0.00
0.00
0.02
0.00
0.00
0.00
0.00
0.00
0.00
0.00
0.09
0.00
0.00
0.00
0.00
0.00
0.00
0.00
0.05
0.00
0.02
0.00
0.00
0.00
0.01
0.00
0.02
0.00
0.00
0.00
0.04
0.04
0.00
0.04
0.07
0.08
0.00
0.00
0.05
0.07
0.00
0.14
0.01
0.11
0.00
0.01
0.10
0.01
0.05
0.00
0.00
0.02
0.01
0.00
0.06
0.03
0.01
0.06
0.00
0.00
0.00
0.00
0.01
0.01
0.00
0.05
0.00
0.04
0.03
0.02
0.00
0.07
0.00
0.01
0.10
0.00
0.02
0.02
0.00
0.01
0.00
0.01
0.01
0.00
0.02
0.07
0.05
0.05
0.05
0.00
0.00
0.01
0.01
0.04
0.12
0.00
